"","Trial_1","Trial_2","Trial_3","Trial_4","Trial_5","Trial_6","Trial_7","Trial_8","Trial_9","Trial_10","Trial_11","Trial_12","Trial_13","Trial_14","Trial_15","Trial_16","Trial_17","Trial_18","Trial_19","Trial_20","Trial_21","Trial_22","Trial_23","Trial_24","Trial_25","Trial_26","Trial_27","Trial_28","Trial_29","Trial_30","Trial_31","Trial_32","Trial_33","Trial_34","Trial_35","Trial_36","Trial_37","Trial_38","Trial_39","Trial_40","Trial_41","Trial_42","Trial_43","Trial_44","Trial_45","Trial_46","Trial_47","Trial_48","Trial_49","Trial_50","Trial_51","Trial_52","Trial_53","Trial_54","Trial_55","Trial_56","Trial_57","Trial_58","Trial_59","Trial_60","Trial_61","Trial_62","Trial_63","Trial_64","Trial_65","Trial_66","Trial_67","Trial_68","Trial_69","Trial_70","Trial_71","Trial_72","Trial_73","Trial_74","Trial_75","Trial_76","Trial_77","Trial_78","Trial_79","Trial_80","Trial_81","Trial_82","Trial_83","Trial_84","Trial_85","Trial_86","Trial_87","Trial_88","Trial_89","Trial_90","Trial_91","Trial_92","Trial_93","Trial_94","Trial_95","Trial_96","Trial_97","Trial_98","Trial_99","Trial_100"
"Signature 1",0.145430099096957,0.138244403194625,0.134903114585073,0.134489555747963,0.139522156745283,0.139321205356637,0.134605780255734,0.144107290885536,0.1447309045871,0.140629963144345,0.14366062941997,0.142288748701779,0.137849447344845,0.121676747972427,0.136173235994824,0.14855693084913,0.137397003167249,0.144759709528698,0.131702505746205,0.144106850967564,0.137653632837688,0.145678420747165,0.144430433710632,0.152623225345609,0.147704824339431,0.14664172574635,0.130079539390138,0.141850312037802,0.130356206390487,0.143584905621316,0.139326057667941,0.139792225626208,0.132827768880944,0.149636510770259,0.149725865222655,0.137698364657645,0.146319169150386,0.136896496588605,0.1379217779516,0.140888985690021,0.138007060274709,0.133917863459576,0.138867103681079,0.136556895670082,0.138815045146377,0.145788875206038,0.147779688360663,0.141097429012283,0.144044127813146,0.137496204282823,0.135011578003647,0.141117789980043,0.124299917686628,0.133114485433252,0.142994588160329,0.135161515490776,0.141272906340068,0.148255486321148,0.146996832332599,0.142004313740899,0.148906643788071,0.143830677646558,0.130734196517807,0.151848441514859,0.137787953240353,0.149044930633667,0.144717269056624,0.13944308926087,0.150329681737748,0.141573101875023,0.132277474913691,0.13267793075671,0.14122992071512,0.139341147014161,0.144452532869997,0.134650728873262,0.145110548684559,0.144106658353584,0.124284593867045,0.125585569677062,0.140755944147839,0.145993744849798,0.142651516987513,0.141648275113257,0.13446780663535,0.14668961164804,0.139429830933412,0.149660373253068,0.147414338166015,0.132524727032778,0.14470860182654,0.138353136777002,0.138660451954189,0.137701255123535,0.145481620729797,0.117458570580074,0.141718419608863,0.150880000380478,0.145554394724751,0.139072187976371
"Signature 2",0.0354409780876707,0.037217694886563,0.0322750151642418,0.0339611416937272,0.0340340914783167,0.0348529278000178,0.0343261700632887,0.0336575953800544,0.0322958866860821,0.036035633898073,0.0308480354263937,0.0351629612501641,0.0372653217580743,0.0360506790208984,0.0376414666300206,0.0284474987210203,0.03540527167915,0.0325703909776867,0.0354684471254065,0.0331471985219459,0.0351742617833052,0.0373424958606991,0.0362701534200395,0.0344660768997807,0.0315611982414624,0.0331025848401077,0.0366753526060885,0.0348632863663958,0.0339348659131091,0.0338580539740912,0.0329568875964446,0.0358571676521344,0.0349983562773559,0.0321394902172604,0.0308443263944396,0.0354900565751156,0.0317866001907003,0.0357808983486692,0.0352618563382972,0.0356315430772735,0.036923849942142,0.0364252838513203,0.0362548508840466,0.0382755630773146,0.0359452127962686,0.0379739902274906,0.0335320558144046,0.0364958124870864,0.0356309846007882,0.0357361936841157,0.0377741451312651,0.0375262520493969,0.0348073822127466,0.0392427546661495,0.0337599729627054,0.035661012641492,0.0363879391923818,0.0332879249665833,0.0341945232355905,0.0330547615500704,0.0342035499533844,0.0318761609093209,0.0364890366097027,0.0321208763298979,0.0363812824654214,0.0351851923118996,0.0313950202097701,0.037462633034828,0.0328669783542633,0.0352918874615506,0.0362553899833116,0.0345438683887808,0.0305360293583295,0.0365884233669397,0.0339449337108386,0.0249882953285127,0.0305181739790296,0.0333995113507354,0.0341517422951864,0.0392893730462334,0.0315839737437581,0.0319390172051731,0.032270578308183,0.0368150850307382,0.0374881960813981,0.0319037823580739,0.0361810465316497,0.0302110662458693,0.0329232891137816,0.0343104498496875,0.0334021687574909,0.0354129976464297,0.0337727064663247,0.0347715588918652,0.036242815647442,0.0357997488610666,0.0343308728905599,0.0327218070885599,0.0330506046475292,0.0357993496547026
"Signature 3",0,0,0,0,0,0,0,0,0,0,0,0,0,0,0,0.0116982011323671,0,0,0,0,0,0,0,0.0194256351285069,0,0.00345698782763573,0,0,0,0,0,0,0,0,0.00317946637005537,0,0.00610262912568637,0,0,0,0,0,0,0,0,0,0.0214498447091037,0,0,0,0,0,0,0,0,0,0,0,0,0,0,0,0,0,0,0,0,0,0,0,0,0,0,0,0,0,0,0,0,0,0.00846618460181906,0,0,0,0,0,0,0,0,0,0,0,0,0,0,0,0,0.0186407081028538,0.00843963367988362,0
"Signature 4",0.146747176354793,0.14897761449552,0.148351284429536,0.145037510079563,0.161884133358895,0.151538220629957,0.148520832124146,0.162623427725207,0.152914294771739,0.152407078486175,0.151006929475572,0.160845831662185,0.162212649813158,0.108271621711205,0.152628466033428,0.137372211422278,0.153662081346722,0.157234007860647,0.13631276935462,0.150053333319988,0.15107958518578,0.155704189786761,0.158717998211995,0.144111255300324,0.14221292909751,0.153723706887289,0.141552368650291,0.14923027123426,0.127487510726315,0.147990985886216,0.14977391773111,0.151796042596995,0.14159916453796,0.148012436555715,0.152967373108456,0.162427464282979,0.138970768711512,0.147182591124096,0.13693121373915,0.165915295049673,0.154908285059103,0.143842356977877,0.152014051975884,0.155817860293745,0.149108988552403,0.149790755128932,0.145098219339404,0.155261463226367,0.149129301931854,0.156423119486293,0.137408540665374,0.147302997011662,0.0868483150465896,0.134887112682147,0.161980360370615,0.140510521970362,0.151217387826089,0.156995981144154,0.152399098860495,0.166920055381131,0.155272852916109,0.141968387342919,0.132363298283957,0.150336960638994,0.14158995318941,0.153618547592236,0.140823959562972,0.15166574233221,0.160933759724683,0.1500001636835,0.135317610206369,0.132559875965619,0.124866145003026,0.135947312021812,0.155249483314729,0.137510988185489,0.142639137637547,0.156656259379757,0.117574036945021,0.114771922177739,0.146533645992245,0.146656068869954,0.162168713090504,0.149299441287798,0.146122369926829,0.157399058272277,0.152207049248877,0.131385317164422,0.150136448925149,0.13833788347764,0.159696832379452,0.149413764154612,0.158205482374776,0.144275459551253,0.15459665560402,0.0804910415030345,0.15557895698619,0.154994197014938,0.162332392193684,0.154348810863078
"Signature 5",0.101638041659667,0.107512170981361,0.1141559162467,0.118332396356507,0.0312998670620014,0.0891968768135107,0.112414075513364,0.0354315460280598,0.0267354992613846,0.0904549012814724,0.00692256819710826,0.0958571413966253,0.063602276728733,0.140694770654394,0.123148978284879,0,0.113301318954456,0.0491981653317571,0.141016094554806,0.0755898168148296,0.134184582424599,0.0793612046304192,0.0885033891662999,0,0.0246227179155293,0.0129798453656978,0.112209355822432,0.0930585747768456,0.0987443325409806,0.0702813758567359,0.0422674997708134,0.130077809909152,0.138778882837431,0.000728766787536476,0.0122189287812802,0.0279598597852055,0.000206128930543675,0.111515183086939,0.11596627809416,0.0754604663865178,0.119153783885068,0.12701479214995,0.103582432614862,0.129719835704308,0.119470170775136,0.0882473701469099,0,0.0682804427930694,0.0888185540214146,0.0342197858969235,0.10594743087975,0.117967173535182,0.130708784789093,0.14832123782022,0.0482852354480944,0.140100375562786,0.131189137694293,0.03420852589121,0.0262262676112765,0.0428130755874684,0.0589220201653344,0,0.145958568626555,0.0162679442771557,0.141322180343805,0.0641878312514043,0.0498807669514967,0.123843846206577,0.000306441506255406,0.0947204211435559,0.124036849941757,0.154185841019147,0,0.144761500057523,0.067387229104748,0.00942312823984112,0.0509779854935333,0.0491554713910785,0.126551239902917,0.142525307208843,0.00115490199186412,0.0548867153752895,0.0495604002654998,0.0738682193088365,0.115046394243708,0.000433175580154409,0.124020906735103,0,0.00845402063556147,0.107594286049937,0.0365856268249332,0.101309086234224,0.0863816510794402,0.115441966602197,0.0949648692762949,0.126840286396066,0.0673795064022953,0.00749179193559247,0,0.100246954941045
"Signature 6",0,0,0,0,0,0,0,0,0,0,0,0,0,0.00155016789083848,0,0,0,0,0,0,0,0,0,0,0,0,0,0,0,0,0,0,0,0.00533422067182601,0,0.00105512653183762,0,0,0,0,0,0,0,0,0,0,0,0,0,0,0,0,0.00181419371894069,0,0,0,0,0,0,0,0,0,0,0,0,0,0,0,0,0,0,0,0,0,0,0.000416537265883567,0,0,0.000208564503302656,0,0,0,0,0,0,0,0,0,0,0,0,0,0,0,0,0,0,0,0,0
"Signature 7",0.0051750151760238,0.00525713084093522,0.00606261621579487,0.00781679125707512,0.00219985674340463,0.00661848454730461,0.00928644631081211,0.00411488477135423,0.00208013653454628,0.00295508070917102,0.00568649097579676,0.00544818417207885,0,0.0158310322183533,0.00495135622421355,0.00775150994801307,0.00605258867170655,0.00644346275157661,0.0103891746042448,0.00108111320205328,0.00680412514275772,0.000980734082368169,0.00881561188387102,0.00672562918484152,0,0.00275403665386885,0.00747894496302893,0.0038803964845702,0.00411661564622807,0,0.00536296728274462,0.0060582509645635,0.0148375174630477,0,0,0.00111805121561545,0.0044737428212211,0.00621123992414032,0.00403604807173828,0.0014581079450413,0.00468070779613495,0.00512616602011373,0.00360622302117361,0.00535622908843857,0.00566654652548897,0,0.00469704767135723,0.00220381560359591,0.0017974334154665,0.00428487097154531,0,0.00913412842167412,0.00974113979444264,0.00525764159923173,0.00148034141147639,0.0072500756940892,0.00506001364572337,0.00280841754870322,0.00498055446894418,0.00406698238261112,0.00523626025752951,0.00338597677637214,0.00734101696237004,0.00280554469865187,0.00561827136978198,0,0,0.00442509735519924,0.00316051145529721,0.00312471386392369,0.0054000191681243,0.0101343880142118,0.00274647396566178,0.0100249853387546,0.00271461327191071,0.00204354007488199,0.000843611785397128,0.00654209897262473,0.0099456175208034,0.00751655374477947,0.00587623296020775,0,0.00521772267444373,0.00291102042204138,0.00275751975134748,0.00188846294405057,0.00465131786792005,0.00448507660195121,0,0.00410022301515702,0.00362741584291278,0.00202626196919511,0.0074558291807623,0.00193894429765796,0.00423910791167876,0.0232533135485233,0.00263344198545026,0.0030228359419867,0.000720806839425221,0.00527622668314776
"Signature 8",0.322943123805017,0.338427842506243,0.348484358584723,0.34813548779965,0.353613995455715,0.339052052575516,0.342478985928278,0.35076941349521,0.340601737291026,0.339126582576141,0.346100345881409,0.32896415329595,0.386892764375967,0.376587827107046,0.335379467742382,0.356376734491193,0.334739839636463,0.344359371199702,0.338390658192269,0.334128876241408,0.327536699558945,0.331435221951272,0.334382094404165,0.332130818622259,0.346590515970225,0.344037512230107,0.363776475004973,0.332586581080947,0.365806220789289,0.339858419732978,0.352792913738608,0.324239750909976,0.335390917676331,0.351105193637902,0.34944927468469,0.363580970785132,0.35433146896081,0.340064556923813,0.340221101046047,0.348718837588442,0.334044715557129,0.334903260874939,0.339832461798364,0.331349848957352,0.334290421452595,0.353919854359022,0.337862433252693,0.338829609015214,0.31963838102548,0.352053695414001,0.340690134434955,0.329566907467911,0.391204293424427,0.342384251764463,0.353377074592455,0.32973986481267,0.326538293428706,0.351803241240476,0.331864783714413,0.359865253633576,0.329399191644563,0.370247010941137,0.342633578170959,0.345539952838587,0.333996221264684,0.342064638962625,0.328445301172556,0.334701487761078,0.346648822096971,0.330016248190697,0.346602027307948,0.337817189718223,0.380870594562837,0.330574658453275,0.332815047174753,0.355865773126804,0.343122405753469,0.34009390406616,0.367523768576624,0.380472294719761,0.34625402391355,0.345075691167128,0.346091528173973,0.352702044810135,0.344703852208336,0.378022403612086,0.334651264188276,0.356631189425302,0.374019684790443,0.361723919554354,0.343997870997952,0.320166011933323,0.337552587673535,0.336039730389837,0.320949731100952,0.415735324142057,0.332502632419882,0.351667021431619,0.373899183725999,0.329395106757831
"Signature 9",0,0.00285120528252322,0.00175459885280084,0,0.0179309015545982,0.00567650433941279,0,0.0193890766526678,0.00761372724207989,0.011528595634571,0.00107560278273385,0,0.0016256413474459,0,0,0,0,0.00781349994519418,0,0.00014233922708191,0,0,0,0.000485435236260316,0.00384098603762782,0.00529482087493951,0.0053566917104064,0.00560828485314665,0,0,0.0161351146058858,0,0,0.00197203588734926,0.00438585430046997,0.0121321802537169,0,0,0,0.00884941683794195,0.00743265566292414,0,0.00880187972609037,0,0,0.00452688613159098,0,0.0217165807290662,0,0.0177971279844455,0,0,0,0,0.02171441113118,0,0,0,0.00167577630491813,0.0133158955105721,0.010729382012941,0,0,0.00231671449932178,0,0,0,0,0.0215416232227902,0,0,0,0,0,0.00122357834326807,0,0,0.0209010630944722,0,0,0.0138113867708605,0,0.0117542585789059,0,0.00506303572131236,0,0,0,0.00413936593699656,0,0.0202389336276048,0,0.00785195447119805,0,0,0,0.0123440390717736,0.00342483297180962,0.00342613440935635,0.0029805183972178
"Signature 10",0.0129115845616533,0.0159439195154572,0.0141139937744665,0.0144057786917663,0.0168670924805427,0.0148863358334669,0.0143826921673485,0.0159645971671348,0.0133810603839397,0.0151651029776007,0.0164603223978698,0.0146858162456709,0.0178504981281706,0.0131750540971076,0.016068233789458,0.0143410375477888,0.0141063525665328,0.0134963650359784,0.00998612292923335,0.0176497752720413,0.0124649536802305,0.0176662118510834,0.0120005231009231,0.0126312298033955,0.0137440500525441,0.0153221954167973,0.0149426664560644,0.014960666490435,0.0151759897940848,0.0149252047742362,0.0132726806625142,0.0146895426943954,0.0133747790856162,0.0141577518911732,0.0155603071508367,0.0172848928439913,0.0153217513395956,0.0120182381398727,0.0169635824817575,0.0162730955379317,0.0144044266106632,0.0163712600904112,0.0137295533903083,0.016314632425002,0.0145635886765936,0.0115481328192836,0.0157438217369604,0.0135832739429003,0.0149163881789073,0.0152049594948285,0.0138836811365973,0.0120361878165251,0.0180605007358452,0.0162673900736009,0.0145601260912134,0.0130939912735183,0.0147383999791911,0.0141672680763309,0.0140695003115124,0.0165620555364179,0.0140525798323746,0.0172794660304888,0.0185796639408171,0.0175109934304884,0.0143997150069545,0.0157968831950318,0.0138005008523533,0.0162522649875205,0.0139158468734098,0.0119099874225253,0.0125607956803218,0.015217194080965,0.0198144044150499,0.0125848324150677,0.0161732078755531,0.0164971917982232,0.0153398708524958,0.0126650151486877,0.0108741859944308,0.0167887291209205,0.0159861028656067,0.0172883830218031,0.0142844412776381,0.0172757768684478,0.0175791871423567,0.0186424106845041,0.0154154422581185,0.0165513847291526,0.0171740076280559,0.0094413425095764,0.014560891887849,0.0125168107760207,0.0123690246227096,0.0129404772951325,0.0141808558850679,0.00811279157456306,0.0143930313363044,0.0149406987664233,0.0171414000894553,0.0153686758502331
"Signature 11",0,0,0,0,0.00755320339522511,0,0.00567056325033732,0.00284244936457445,0,0.0060626876022297,0.00641418303162842,0.00391437262909256,0.0192775577401674,0,0.00107140020771446,0,0.00168780575818037,0.00204188498400199,0,0.0133355518927554,0.00537940767310912,0.00392482270440278,0.00121636973124257,0.000948292450551828,0,0.00523112775202744,0.00157190981072167,0,0,0.00842524687640963,0.00457723804482209,0,0,0.00611741174259303,0.00908243539908243,0,0,0.00516853463479766,0,0.0109767213167152,0.00151702853380869,0.00356862570582266,0.00570951623562082,0.00571151514343701,0,0.00727044729634048,0,0.0065073750819815,0,0.00262101113656498,0.00749232982661856,0.0016371688327049,0,0,0.00427797755416273,0,0.00164138772022072,0.0145556166830287,0,0.0069063362846427,0.000434595368722178,0.00346384780448341,0,0,0,0.0134756250182837,0,0,0.00637317368599205,0.00547057081253607,0.00607947685623059,0,0,0,0.00076746824015372,0,0.00485891972003436,0.00491049598834625,0,0.000754494242865448,0,0.00535293676581777,0.00375340818262918,0.000455655930407501,0,0.00839251049204074,0.000394009000627437,0,0.00771186776453575,0.00456274008222995,0.00947488976557061,0,0,0.000590344629907459,0.00246285187850623,0,0.00162739772197936,0.0114435186336675,0.00952139941957245,0.00393091894343209
"Signature 12",0,0,0,0,0,0,0,0,0.000499028017734372,0,0,0,0,0,0,0,0,0,0,0,0,0,0,0,0,0,0,0,0,0,0,0,0,0,0,0,0,0,0,0,0,0,0,0,0,0,0,0,0,0,0,0,0,0,0,0,0,0,0,0,0.00231262486138744,0,0,0,0,0,0,0,0,0,0,0,0,0,0,0,0,0.00176909949691451,0,0,0,0,0,0,0,0,0,0,0,0,0,0,0,0,0,0,0,0,0,0
"Signature 13",0.0185937772974615,0.0181122160148314,0.016821601185343,0.017675712508655,0.0197236171802774,0.0181758649178644,0.0208044560834923,0.0197063937337592,0.0181821015598069,0.0182148434491393,0.0211506834481567,0.0186760923617282,0.0199166723119021,0.0206146628549938,0.019878455420589,0.0178388344958993,0.0183358275508253,0.0203844240363226,0.0177181948896771,0.0198490683514921,0.0174147213838827,0.0179046221272681,0.0155777338529082,0.0178840004342815,0.0199683870193134,0.0177746732477296,0.0205212580804094,0.0183192796436954,0.0173973380864617,0.0181270528340275,0.0197682111681851,0.0179016337666693,0.0185491341057173,0.0200791292870676,0.0172246473809171,0.0175991340491845,0.0181796892416525,0.0211721199976485,0.0181209532287347,0.0187352654162908,0.0180626955372548,0.019795820972843,0.0187067063148859,0.0177604812322464,0.0185362103056579,0.016699023147269,0.0164945078125513,0.0171472359523752,0.0175872431278014,0.0187849910339389,0.017703938170108,0.0191139538187728,0.019764808193997,0.0179677820326129,0.0188792746478845,0.0182371650970282,0.0181041317583972,0.0160089942872679,0.0202366166858331,0.0180809384863277,0.018244481817845,0.0150986526695784,0.0201046459284377,0.019886885763742,0.0177837936290198,0.0193234679302562,0.0201139101712302,0.0187134899056053,0.0185638337189502,0.0176401008512001,0.0187776718272426,0.0197244299813093,0.0176421903270189,0.0193059423219618,0.0186648196029511,0.0200071387565889,0.0197811895894082,0.0208909841220549,0.0185481165884773,0.0155365006615706,0.0175913000213204,0.0164603039972791,0.0176289339648224,0.0185791024229212,0.0169112419762142,0.0176562091671332,0.0167953146106526,0.0178436092242893,0.0182846314062904,0.0189604634698339,0.0199931990383207,0.0179535242576443,0.016955376061514,0.0165027832745266,0.0183380080665085,0.0176275690500667,0.0176931480109156,0.0167837955808723,0.018160166689724,0.0178539810370855
"Signature 14",0,0,0,0,0,0,0,0,0,0,0,0,0,0,0,0,0,0,0,0,0,0,0,0,0,0,0,0,0,0,0,0,0,0.000712094498950732,0,0,0,0,0,0,0,0,0,0,0,0,0,0,0,0,0,0,0,0,0,0,0,0,0,0,0,0,0,0,0,0,0,0,0,0,0,0,0,0,0,0,0,0,0,0,0,0,0,0,0,0,0,0,0,0,0,0,0,0,0,0,0,0,0,0
"Signature 15",0.0412136373573041,0.0382708589507719,0.0420310700650098,0.0411259684616492,0.0492345839764339,0.0410905950509849,0.0388466579716747,0.0445403110539783,0.0450860948636459,0.0395234157359722,0.0453123094531454,0.040488886997534,0.0457219510728143,0.0408899797473979,0.0408727258250128,0.0477323544203527,0.0400999978520933,0.042499887799841,0.0442670308920862,0.0433231406544938,0.0427652545943353,0.0464119922121086,0.0427595641810614,0.0451723943895951,0.0423053225663985,0.0498899345861367,0.0404342727768659,0.0408641602937761,0.0380640641925291,0.0462438395087682,0.042147192370088,0.0396714975735803,0.0476779846791754,0.046270081226653,0.0469724854990743,0.0407736448375306,0.0454781231574495,0.0401766081152954,0.0427471238316812,0.0462107813576965,0.0374100689821802,0.0480612028832984,0.0371924784405742,0.0426101233087377,0.0398926614905619,0.0437977672835587,0.045624505976038,0.0453872594375035,0.0410968923325637,0.0403129548315562,0.0445368500882378,0.0453090192577675,0.0441981158865297,0.04122773025599,0.0449939763595304,0.0411977494785139,0.0406806817917589,0.0445462316909233,0.0418417910323014,0.0508206177375971,0.0447516983806165,0.0488199967472478,0.0408392259472147,0.041098938407742,0.0431992569429987,0.0417085532917072,0.0394271775393349,0.0409320712520561,0.0428695137516312,0.043521406659134,0.046956009532183,0.0431615775983275,0.0395610817256079,0.0424673186945684,0.0415898637653794,0.0472295636921615,0.0426572082055657,0.0423117483238935,0.0470634660888331,0.0502276740482911,0.0452255437333566,0.0417981226144396,0.0420856121256939,0.046304372190265,0.0413328002803779,0.0446946504318814,0.0404488050148879,0.038837369588005,0.0443068548227998,0.0535733287990149,0.0511488082920253,0.0422641821562965,0.0417748990353594,0.0404120211356157,0.040659161377998,0.0569668997187397,0.0414527408242688,0.0496312629485168,0.0493222452033038,0.0425728700981379
"Signature 16",0.0227505128335902,0.0152734268774406,0.00650857925457457,0.00735403283542242,0.0369764527507404,0.0234924795464318,0.0100313379436005,0.0281587123627639,0.0494468480352211,0.0219574759847211,0.0673385063196364,0.0227299034347835,0.0124986960461074,0,0.00601815394980698,0.0720763665944598,0.0108761804292826,0.0343146593785036,0,0.0358005844504998,0,0.0369608336266653,0.026094461237233,0.0683664982319224,0.0553262256099593,0.0726973009904834,0.00487492870909227,0.0215566971253971,0.0186484514998637,0.043165595741089,0.0464799421890018,0.0063501799290597,0,0.0774418623951862,0.06923074540129,0.0503941411919979,0.074204008629561,0.0172632696873354,0.0178326971901456,0.0177805379652774,0.00566930832627875,0,0.0156720012540832,0,0.00630132461636074,0.0170368795871694,0.0775744236802878,0.0217713492685922,0.0327937520794232,0.0418303199807793,0.0162654750544168,0,0,0,0.0154672072280653,0,0.00363694615228376,0.0566391339181118,0.0597147418270576,0.0249378810819755,0.0333573657636647,0.0750042464798764,0,0.0737564014927317,0,0.0411750265027096,0.0502715312218994,0.00508794189152855,0.0602368907072066,0.0225538959989374,0,0,0.0879073681376897,0,0.0433814609009793,0.081816321646062,0.0603682175141934,0.0299554039792426,0,0,0.0724203053904958,0.0560832705142674,0.0313773527929488,0.0274580584986261,0.0141901934411199,0.0665752516324642,0.00658577367147778,0.0922237315841036,0.0648524092667318,0.00117708775153891,0.0309346925938908,0.0254967203582065,0.0266116875534254,0.0173232972239003,0.0278748881373737,0,0.0325104871407793,0.0560726977434388,0.0569326911473323,0.0195919697687423
"Signature 17",0,0,0,0,0,0,0,0,0,0,0,0,0,0,0,0,0,0,0,0,0,0,0,0,0,0,0,0,0,0,0,0,0,0,0,0,0,0,0,0,0,0,0,0,0,0,0,0,0,0,0,0,0,0,0,0,0,0,0,0,0,0,0,0,0,0,0,0,0,0,0,0,0,0,0,0,0,0,0,0,0,0,0,0,0,0,0,0,0,0,0,0,0,0,0,0,0,0,0,0
"Signature 18",0.0594738948466955,0.0453312945244869,0.0519228694832213,0.0517812077878916,0.0415395175823544,0.0506272585703614,0.0513785749463822,0.0424751950357149,0.0536855831365258,0.046002341399375,0.0560388946452314,0.0510331411562532,0.0300059206967021,0.0540530476736364,0.0462621512787148,0.0595421006850881,0.0529597849015744,0.0511840896307382,0.0637862491424289,0.0533324619977728,0.0574365329019065,0.0431715711172166,0.0525695984371778,0.0639308420247185,0.0561479453168814,0.0504060799769951,0.0399798547227497,0.0518629564433426,0.0542056326783457,0.0531100080496345,0.0422336677595212,0.0514130842131649,0.0512743842839799,0.0505335520556579,0.0500224361258445,0.0346403187700831,0.0584369074552901,0.0503887766150473,0.044192951956675,0.0403167248948621,0.0463252402950492,0.0511442343756282,0.0444935482687034,0.0501912727554385,0.051583377989401,0.0466647718595727,0.053992167027366,0.0466699268974121,0.0593938134418112,0.0455982304223746,0.0593222462414214,0.0633352469797057,0.0507808479886493,0.0449587492193825,0.043968876465443,0.0591640632617837,0.0525173705306652,0.0505012988567024,0.059840741967491,0.0395566426337577,0.0525148756249148,0.0449607669120621,0.0468151868748015,0.0411171448789948,0.0519577774614692,0.0497424625808675,0.0670543664828143,0.0470880703297974,0.048284290539854,0.0642888960201718,0.0560741544200443,0.0501910107753325,0.0416314463026316,0.0564715935056914,0.0473127138836632,0.0532099411859396,0.0482213640119897,0.0508789909829028,0.0641730849975571,0.037862575415002,0.0440532881119316,0.0513118919627981,0.0505803786205977,0.0451047608602,0.0385102330644904,0.0375039467443309,0.0466585399607347,0.0503515834462064,0.0352875322843172,0.0514641294181044,0.0487988927846161,0.0610471528221073,0.044518510785119,0.0559744346044399,0.0558589455965342,0.0539656976822955,0.0514878289689426,0.0508665057744057,0.0337752356264249,0.0549782914554528
"Signature 19",0.0192496873630417,0.0233635726152843,0.0192267866732502,0.0151560152991407,0.00201326553083784,0.0166212987413204,0.0141078323466159,0.0163088354995329,0.0161337891979696,0.0124160379521184,0.0175069549124129,0.0168857610146259,0.00361645133289873,0.0135469722280786,0.0166516928126707,0.0169062785753134,0.0189174673370075,0.0217705681086093,0.0143961760119605,0.00124589893004863,0.0113443363717031,0.0121169576455822,0.0124324922408813,0.0233166164612704,0.00912318164958525,0,0.0179534671554287,0.0187977157625396,0.030794526798568,0.0124257714834587,0.0224669341836473,0.0191987101990682,0.0119964693028676,0.00565447897157007,0,0.010078950274901,0.0242976885338198,0.0136009333994411,0.0175824610035817,0.00453274988357401,0.0177540622417079,0.0177225981189181,0.016928408771093,0.00922086199341281,0.0205394564463871,0.0131422551999145,0.0210807190949931,0.0124301605855742,0.0229479695844705,0.0228908864454249,0.0152799365640156,0.0147912306914516,0.0277060175613384,0.0180402238514108,0.0152616251141828,0.0199006034683679,0.0186555718375787,0.00480953015517433,0.0313743896739084,0.00316282613308275,0.0140897355235833,0.0144082226159441,0.0165374898620856,0.0147859761498115,0.0156107699288809,0.00286496247566358,0.0101086511560643,0.0196714848197267,0.0108125462431341,0.0175765270073881,0.00890228954530352,0.0145748288141059,0.0274806723471502,0.0153625001453627,0.012167941922014,0.00859226354565172,0.0129974977395683,0.015847775945738,0.0183434864315074,0.0114409821083111,0.0238131568306941,0.0124346237840432,0.0154463629676633,0.0187155037994504,0.0218356392379983,0.00601822682950939,0.0154950078400238,0.0142246415132511,0.0105361805308673,0.0127707782843901,0.00815109156568586,0.0183743814715636,0.0154488404639677,0.0240379058682743,0.0181224308373882,0.0138560848436034,0.0138792919516118,0,0.00176653097438748,0.0117251123489453
"Signature 20",0,0,0,0,0,0,0,0,0,0,0,0,0,0,0,0,0,0,0,0,0,0,0,0,0,0,0,0,0,0,0,0,0,0,0,0,0,0,0,0,0,0,0,0,0,0,0,0,0,0,0,0,0,0,0,0,0,0,0,0,0,0,0,0,0,0,0,0,0,0,0,0,0,0,0,0,0,0,0,0,0,0,0,0,0,0,0,0,0,0,0,0,0,0,0,0,0,0,0,0
"Signature 21",0,0,0,0,0,0,0,0,0,0,0,0,0,0,0,0,0,0,0,0,0,0,0,0,0,0,0,0,0,0,0,0,0,0,0,0,0,0,0,0,0,0,0,0,0,0,0,0,0,0,0,0,0,0,0,0,0,0,0,0,0,0,0,0,0,0,0,0,0,0,0,0,0,0,0,0,0,0,0,0,0,0,0,0,0,0,0,0,0,0,0,0,0,0,0,0,0,0,0,0
"Signature 22",0,0,0,0,0,0,0,0,0,0,0,0,0,0,0,0,0,0,0,0,0,0,0,0,0,0,0,0,0,0,0,0,0,0,0,0,0,0,0,0,0,0,0,0,0,0,0,0,0,0,0,0,0,0,0,0,0,0,0,0,0,0,0,0,0,0,0,0,0,0,0,0,0,0,0,0,0,0,0,0,0,0,0,0,0,0,0,0.00206320689918621,0,0,0,0,0,0,0,0,0,0,0,0
"Signature 23",0,0,0,0,0,0,0,0,0,0,0,0,0,0,0,0,0,0,0,0,0,0,0,0,0,0,0,0,0,0,0,0,0,0,0,0,0,0,0,0,0,0,0,0,0,0,0,0,0,0,0,0,0,0,0,0,0,0,0,0,0,0,0,0,0,0,0,0,0,0,0,0,0,0,0,0,0,0,0,0,0,0,0,0,0,0,0,0,0,0,0,0,0,0,0,0,0,0,0,0
"Signature 24",0,0,0,0,0,0,0,0,0,0,0,0,0,0,0,0,0,0,0,0,0,0,0,0,0,0,0,0,0,0,0,0,0,0,0,0,0,0,0,0,0,0,0,0,0,0,0,0,0,0,0,0,0,0,0,0,0,0,0,0,0,0,0,0.000725938307893087,0,0,0,0,0,0,0,0,0,0,0,0,0,0,0,0,0,0,0,0,0,0,0,0.00234805921139966,0.000224557044217508,0,0,0,0,0,0,0,0,0,0,0
"Signature 25",0,0,0,0,0,0,0,0,0,0,0,0,0,0,0,0,0,0,0,0,0,0,0,0,0,0,0,0,0,0,0,0,0,0,0,0,0,0,0,0,0,0,0,0,0,0,0,0,0,0,0,0,0,0,0,0,0,0,0,0,0,0,0,0,0,0,0,0,0,0,0,0,0,0,0,0,0,0,0,0,0,0,0,0,0,0,0,0,0,0,0,0,0,0,0,0,0,0,0,0
"Signature 26",0,0,0,0,0,0,0,0,0,0,0,0,0,0,0,0,0,0,0,0,0,0,0,0,0,0,0,0,0,0,0,0,0,0,0,0,0,0,0,0,0,0,0,0,0,0,0,0,0,0,0,0,0,0,0,0,0,0,0,0,0,0,0,0,0,0,0,0,0,0,0,0,0,0,0,0,0,0,0,0,0,0,0,0,0,0,0,0,0,0,0,0,0,0,0,0,0,0,0,0
"Signature 27",0.0102178809748107,0.00829939727311852,0.00858748439642058,0.00850871375699748,0.00754018246305617,0.00823934817337355,0.00731546125491082,0.00821461295007004,0.00954769800546445,0.00802587291502968,0.0110536672475708,0.00899995956833201,0.00608648020115211,0.00418268230598963,0.00816619015199291,0.00973755431115303,0.00893026747070302,0.00532983932415298,0.00867787721972976,0.0107822227704909,0.00879076140681928,0.00937197535496108,0.00787360791242208,0.0102277704011193,0.00793455831936451,0.00895698992994822,0.00654238736053126,0.008915226770965,0.00574315976014688,0.00726444529765074,0.0081916732373603,0.00989057063766663,0.00905647910772245,0.00836082107192995,0.00950712012119531,0.00697647457076087,0.00975956152853677,0.00634147175717161,0.00814859969301165,0.00872271110824806,0.00804079368340954,0.0105142417298077,0.00863131410109458,0.00965716109275177,0.00826498135148556,0.00851000291505001,0.00917001483945012,0.0101803933807405,0.00942203084151881,0.00895588867008037,0.00817401526826177,0.00948408251861128,0.0088330091865012,0.00769656106183228,0.00874946003868604,0.00895298649445076,0.00837604798161453,0.00990270961448417,0.0102247601836988,0.00841688461036092,0.0100222166195482,0.0085027533142251,0.00869855173958578,0.007787652811525,0.00841038815776874,0.00927386094139253,0.0100159370258099,0.00778431303061027,0.00967961152634017,0.00933689105906134,0.0116751518894364,0.00730514043303507,0.00847426321767956,0.00875373395335283,0.00858249295114715,0.0099319320701783,0.00857726236580718,0.00993544492118442,0.00604382149024536,0.00619153804787993,0.00857086665302124,0.00732328937133525,0.0117392509334609,0.0082764407167617,0.00645342076096944,0.00885011713913352,0.00838325863547842,0.00690722432803881,0.00861083290202566,0.0113361519431651,0.00982388816254665,0.0112995387441407,0.00881300412484387,0.00778408066208254,0.00947777476941671,0.00556332607784877,0.00869381534043536,0.00956549050390003,0.00805929867742169,0.0100984246582214
"Signature 28",0,0,0,0,0,0,0,0,0,0,0,0,0,0,0,0,0,0,0,0,0,0,0,0,0,0,0,0,0,0,0,0,0,0,0,0,0,0,0,0,0,0,0,0,0,0,0,0,0,0,0,0,0,0,0,0,0,0,0,0,0,0,0,0,0,0,0,0,0,0,0,0,0,0,0,0,0,0,0,0,0,0,0,0,0,0,0,0,0,0,0,0,0,0,0,0,0,0,0,0
"Signature 29",0,0,0,0,0,0,0,0,0,0,0,0,0,0,0,0,0,0,0,0,0,0,0,0,0,0,0,0,0,0,0,0,0,0,0,0,0,0,0,0,0,0,0,0,0,0,0,0,0,0,0,0,0,0,0,0,0,0,0,0,0,0,0,0.00147752941927033,0,0,0,0,0,0,0,0,-1.3214103233948e-18,0,0,0,0,0,0,0,0,0,0,0,0,0,0,0.00146496207001889,0,0,0,0,0,0,0,0,0,0,0,0
"Signature 30",0.0582145905853128,0.0569172520408391,0.0548007110888442,0.0562196877239924,0.0780670822423174,0.0606105471038405,0.0558301338400158,0.071695657894383,0.0870656104257344,0.0594943862538649,0.0734238763853643,0.0540190461131968,0.0555776711018618,0.052874754517634,0.0550880256542929,0.0716223868059437,0.0535282126780549,0.0665996741065903,0.0478886993373321,0.0664317673855345,0.0519711450549394,0.0619687463020277,0.0583559685091477,0.0675542800855631,0.0989171578641679,0.0777304776738867,0.0560505267807793,0.0636455906358823,0.0595250851835919,0.0607390943633887,0.0622471019913139,0.0530635333273662,0.0496381617618517,0.0817441623313692,0.0796287340597132,0.0807903693743025,0.0721317622232344,0.0562190816571279,0.0640733553734205,0.0595287599444944,0.0556653176124376,0.0515922927894948,0.0559774695221371,0.0514577192577338,0.0570220138752831,0.0550829886918582,0.0699005506847283,0.062437872586239,0.0627831276053537,0.0657897602643057,0.0605096985353316,0.0516778616185922,0.0512326737742716,0.0506340795397071,0.0702494924239771,0.0510300747541622,0.0499837841210305,0.0615096396057008,0.064359621789961,0.069515479709509,0.0675499254694108,0.0811538338097871,0.0529055405357073,0.0806161045403334,0.0519424369994535,0.0625380173122568,0.0939456085970739,0.0529284678323926,0.0734764748554734,0.052975187950796,0.0590850787280367,0.0479067244542323,0.0772394099221984,0.0478160527115284,0.073572613067915,0.0978166562105199,0.0739866066674025,0.059980074482624,0.0547142747980502,0.0510364857807415,0.0779031422714302,0.0673959405008735,0.0633895410555235,0.0605862427401139,0.0575381095281926,0.0753301824643206,0.0586824335027605,0.0848112047157354,0.0759239787822119,0.0581224887625934,0.0648561956526094,0.0643664306992337,0.0636279941528363,0.0542657404497761,0.0565502831810222,0.0443293460220611,0.0717743893397481,0.0678528351809382,0.0778978819517501,0.0567606005663572
